   0.0000000e+00   1.0008725e-01   1.0017451e+00   5.0995634e+00   9.9126880e-01   1.5232815e-01   5.0921356e+00
   1.0000000e-01   2.0008202e-01   9.9815023e-01   5.1983457e+00   9.8437540e-01   2.4877458e-01   4.9727877e+00
   2.0000000e-01   2.9975284e-01   9.9526614e-01   5.2962248e+00   9.7320850e-01   1.1672367e-01   5.3382899e+00
   3.0000000e-01   3.9929728e-01   9.9562257e-01   5.3928383e+00   9.5906137e-01   7.6798558e-01   4.9924589e+00
   4.0000000e-01   4.9876631e-01   9.9375803e-01   5.4884113e+00   9.5239850e-01   8.3377111e-01   5.2783452e+00
   5.0000000e-01   5.9802016e-01   9.9131897e-01   5.5835087e+00   9.4954830e-01   6.6794581e-01   5.3931801e+00
   6.0000000e-01   6.9720918e-01   9.9246150e-01   5.6776472e+00   9.3322129e-01   3.8381832e-01   5.7948871e+00
   7.0000000e-01   7.9608794e-01   9.8511368e-01   5.7703931e+00   9.2169737e-01   1.0361701e+00   5.5858416e+00
   8.0000000e-01   8.9506195e-01   9.9436653e-01   5.8622953e+00   9.1634610e-01   5.7016499e-01   6.0593220e+00
   9.0000000e-01   9.9420262e-01   9.8844688e-01   5.9532033e+00   9.0181539e-01   1.3783013e+00   6.1557948e+00
   1.0000000e+00   1.0934535e+00   9.9657020e-01   6.0431355e+00   8.9682875e-01   1.1479129e+00   6.3510451e+00
   1.1000000e+00   1.1927702e+00   9.8976499e-01   6.1324218e+00   8.8889567e-01   1.1057310e+00   6.1442958e+00
   1.2000000e+00   1.2919706e+00   9.9424290e-01   6.2211320e+00   8.8530943e-01   1.1937708e+00   6.0318743e+00
   1.3000000e+00   1.3913522e+00   9.9338898e-01   6.3093088e+00   8.7822644e-01   1.3622572e+00   6.2907759e+00
   1.4000000e+00   1.4908380e+00   9.9632746e-01   6.3964948e+00   8.6549367e-01   1.6712885e+00   6.5336981e+00
   1.5000000e+00   1.5904222e+00   9.9535580e-01   6.4829031e+00   8.6267185e-01   1.2233957e+00   6.7752801e+00
   1.6000000e+00   1.6899521e+00   9.9524193e-01   6.5684165e+00   8.4759604e-01   1.7510588e+00   6.3323173e+00
   1.7000000e+00   1.7899558e+00   1.0048317e+00   6.6528015e+00   8.4010366e-01   1.4101470e+00   6.5023829e+00
   1.8000000e+00   1.8904372e+00   1.0047969e+00   6.7362182e+00   8.2823021e-01   1.9929621e+00   6.3471190e+00
   1.9000000e+00   1.9911214e+00   1.0088874e+00   6.8182199e+00   8.1180374e-01   1.7710147e+00   6.6666454e+00
   2.0000000e+00   2.0925195e+00   1.0190749e+00   6.8988130e+00   8.0005823e-01   2.3615858e+00   6.6963099e+00
   2.1000000e+00   2.1944066e+00   1.0186671e+00   6.9786335e+00   7.9635327e-01   2.0887088e+00   7.1362043e+00
   2.2000000e+00   2.2964371e+00   1.0219422e+00   7.0578688e+00   7.8835263e-01   2.1025715e+00   6.9930587e+00
   2.3000000e+00   2.3987519e+00   1.0243541e+00   7.1361292e+00   7.7685568e-01   2.3169629e+00   7.5258836e+00
   2.4000000e+00   2.5013318e+00   1.0272429e+00   7.2133835e+00   7.6822943e-01   2.3146313e+00   7.3231234e+00
   2.5000000e+00   2.6037198e+00   1.0205174e+00   7.2898607e+00   7.6131399e-01   2.7337696e+00   7.3283397e+00
   2.6000000e+00   2.7060838e+00   1.0267635e+00   7.3653335e+00   7.4814205e-01   3.0695079e+00   7.3602635e+00
   2.7000000e+00   2.8086577e+00   1.0247142e+00   7.4399752e+00   7.4469193e-01   2.4334336e+00   7.2077959e+00
   2.8000000e+00   2.9111152e+00   1.0244348e+00   7.5142080e+00   7.3996412e-01   3.0192908e+00   7.6076586e+00
   2.9000000e+00   3.0134727e+00   1.0227150e+00   7.5870706e+00   7.1728794e-01   2.6902597e+00   7.6018899e+00
   3.0000000e+00   3.1157445e+00   1.0227214e+00   7.6585270e+00   7.1184069e-01   3.2213624e+00   7.8214578e+00
   3.1000000e+00   3.2180978e+00   1.0243455e+00   7.7291402e+00   7.0042333e-01   3.3105057e+00   7.8556492e+00
   3.2000000e+00   3.3204512e+00   1.0227216e+00   7.7987401e+00   6.9157344e-01   3.4984670e+00   7.7376581e+00
   3.3000000e+00   3.4225586e+00   1.0194273e+00   7.8677919e+00   6.8946431e-01   3.2622901e+00   8.4642253e+00
   3.4000000e+00   3.5245296e+00   1.0199924e+00   7.9360756e+00   6.7620829e-01   3.4010048e+00   7.7622080e+00
   3.5000000e+00   3.6265967e+00   1.0213489e+00   8.0031338e+00   6.6495718e-01   3.5457103e+00   7.9731974e+00
   3.6000000e+00   3.7288798e+00   1.0243141e+00   8.0693154e+00   6.5867313e-01   3.5759349e+00   7.7573157e+00
   3.7000000e+00   3.8310753e+00   1.0195958e+00   8.1344829e+00   6.4467685e-01   3.6943746e+00   7.8789991e+00
   3.8000000e+00   3.9329047e+00   1.0169912e+00   8.1984973e+00   6.3561106e-01   4.0569589e+00   8.2085606e+00
   3.9000000e+00   4.0347275e+00   1.0194649e+00   8.2613821e+00   6.2208665e-01   3.9132756e+00   8.1851021e+00
   4.0000000e+00   4.1365124e+00   1.0162341e+00   8.3230192e+00   6.1065383e-01   4.1047488e+00   8.0958029e+00
   4.1000000e+00   4.2385021e+00   1.0235587e+00   8.3838519e+00   6.0600164e-01   4.5121907e+00   8.5640915e+00
   4.2000000e+00   4.3406964e+00   1.0203272e+00   8.4440338e+00   5.9763615e-01   4.3644208e+00   8.5437129e+00
   4.3000000e+00   4.4430510e+00   1.0267655e+00   8.5031799e+00   5.8528471e-01   4.6578777e+00   8.6164841e+00
   4.4000000e+00   4.5458293e+00   1.0288000e+00   8.5611782e+00   5.7468201e-01   4.2846930e+00   8.4757379e+00
   4.5000000e+00   4.6485295e+00   1.0252041e+00   8.6180745e+00   5.6324402e-01   5.0052584e+00   8.3056205e+00
   4.6000000e+00   4.7509085e+00   1.0223768e+00   8.6740888e+00   5.5704228e-01   4.5030402e+00   8.9113428e+00
   4.7000000e+00   4.8532819e+00   1.0250915e+00   8.7295028e+00   5.5123766e-01   5.1816031e+00   8.9100185e+00
   4.8000000e+00   4.9554175e+00   1.0176203e+00   8.7841422e+00   5.4155060e-01   5.1250134e+00   8.2036662e+00
   4.9000000e+00   5.0570385e+00   1.0147989e+00   8.8377704e+00   5.3101274e-01   5.0458459e+00   9.0895783e+00
   5.0000000e+00   5.1584289e+00   1.0130088e+00   8.8902815e+00   5.1920873e-01   5.0806791e+00   8.8334515e+00
   5.1000000e+00   5.2593497e+00   1.0054081e+00   8.9418633e+00   5.1242885e-01   5.2621940e+00   8.9952248e+00
   5.2000000e+00   5.3598851e+00   1.0052997e+00   8.9924779e+00   4.9986206e-01   5.3836126e+00   9.3829236e+00
   5.3000000e+00   5.4605025e+00   1.0070478e+00   9.0419610e+00   4.8979923e-01   5.7552647e+00   9.1965699e+00
   5.4000000e+00   5.5611611e+00   1.0061240e+00   9.0903342e+00   4.7766583e-01   5.4301202e+00   8.9786110e+00
   5.5000000e+00   5.6614215e+00   9.9908402e-01   9.1375163e+00   4.6597609e-01   5.4746453e+00   9.9071536e+00
   5.6000000e+00   5.7610225e+00   9.9293656e-01   9.1835696e+00   4.5508985e-01   5.6204821e+00   9.1531431e+00
   5.7000000e+00   5.8603743e+00   9.9409840e-01   9.2288332e+00   4.5018168e-01   6.1522069e+00   9.0792935e+00
   5.8000000e+00   5.9598112e+00   9.9464133e-01   9.2732407e+00   4.3796847e-01   5.7968370e+00   9.5294096e+00
   5.9000000e+00   6.0595507e+00   1.0001481e+00   9.3165060e+00   4.2733804e-01   6.0613515e+00   9.1706157e+00
   6.0000000e+00   6.1596639e+00   1.0021148e+00   9.3585399e+00   4.1334007e-01   5.8184073e+00   9.5771562e+00
   6.1000000e+00   6.2599616e+00   1.0038410e+00   9.3993843e+00   4.0354666e-01   6.4399763e+00   9.3733513e+00
   6.2000000e+00   6.3601316e+00   9.9955762e-01   9.4394944e+00   3.9865698e-01   5.9203120e+00   9.4649231e+00
   6.3000000e+00   6.4605426e+00   1.0086633e+00   9.4785846e+00   3.8314595e-01   6.4618422e+00   9.3535428e+00
   6.4000000e+00   6.5617439e+00   1.0153630e+00   9.5163876e+00   3.7291341e-01   6.6547730e+00   9.4407187e+00
   6.5000000e+00   6.6632366e+00   1.0144909e+00   9.5535871e+00   3.7107705e-01   6.8363613e+00   9.9000439e+00
   6.6000000e+00   6.7646758e+00   1.0142937e+00   9.5902144e+00   3.6146974e-01   6.9470531e+00   9.6928224e+00
   6.7000000e+00   6.8659606e+00   1.0114020e+00   9.6256827e+00   3.4789514e-01   6.8494542e+00   9.7004444e+00
   6.8000000e+00   6.9671610e+00   1.0126052e+00   9.6600404e+00   3.3926051e-01   7.3306872e+00   9.9892550e+00
   6.9000000e+00   7.0686731e+00   1.0176360e+00   9.6934504e+00   3.2893905e-01   7.2365240e+00   9.3228637e+00
   7.0000000e+00   7.1705371e+00   1.0196457e+00   9.7256366e+00   3.1478400e-01   6.9143834e+00   9.6123857e+00
   7.1000000e+00   7.2728621e+00   1.0268541e+00   9.7569306e+00   3.1109622e-01   7.3588306e+00   1.0156976e+01
   7.2000000e+00   7.3756794e+00   1.0294918e+00   9.7874106e+00   2.9850404e-01   7.3886124e+00   9.7735570e+00
   7.3000000e+00   7.4786076e+00   1.0290716e+00   9.8170266e+00   2.9381549e-01   7.5164311e+00   9.4782714e+00
   7.4000000e+00   7.5818960e+00   1.0366963e+00   9.8460227e+00   2.8610630e-01   7.8890425e+00   9.9284799e+00
   7.5000000e+00   7.6856134e+00   1.0376516e+00   9.8744821e+00   2.8308267e-01   7.3645215e+00   9.7283814e+00
   7.6000000e+00   7.7894755e+00   1.0395909e+00   9.9019666e+00   2.6660623e-01   7.8636052e+00   1.0016648e+01
   7.7000000e+00   7.8933936e+00   1.0387712e+00   9.9280615e+00   2.5529215e-01   7.6895709e+00   9.8228991e+00
   7.8000000e+00   7.9973815e+00   1.0409866e+00   9.9531669e+00   2.4681694e-01   7.7854144e+00   1.0035773e+01
   7.9000000e+00   8.1013900e+00   1.0391822e+00   9.9770939e+00   2.3172222e-01   7.8398858e+00   9.7776837e+00
   8.0000000e+00   8.2054098e+00   1.0412153e+00   9.9994668e+00   2.1573675e-01   8.0010477e+00   9.9703356e+00
   8.1000000e+00   8.3090693e+00   1.0319733e+00   1.0020400e+01   2.0291903e-01   8.7121481e+00   1.0057729e+01
   8.2000000e+00   8.4123716e+00   1.0340740e+00   1.0040475e+01   1.9858034e-01   7.8217876e+00   9.8121060e+00
   8.3000000e+00   8.5153703e+00   1.0258993e+00   1.0060165e+01   1.9521941e-01   8.3593317e+00   1.0049316e+01
   8.4000000e+00   8.6179107e+00   1.0249085e+00   1.0079068e+01   1.8285350e-01   8.6030857e+00   1.0261157e+01
   8.5000000e+00   8.7203599e+00   1.0240767e+00   1.0096816e+01   1.7210548e-01   8.4453342e+00   1.0280356e+01
   8.6000000e+00   8.8233005e+00   1.0347353e+00   1.0113387e+01   1.5930995e-01   8.9450319e+00   1.0551738e+01
   8.7000000e+00   8.9270605e+00   1.0404639e+00   1.0128916e+01   1.5127152e-01   9.2349509e+00   9.7517251e+00
   8.8000000e+00   9.0311238e+00   1.0408028e+00   1.0143889e+01   1.4818093e-01   8.8504961e+00   9.9052275e+00
   8.9000000e+00   9.1350282e+00   1.0372848e+00   1.0158029e+01   1.3462146e-01   9.1856446e+00   1.0065731e+01
   9.0000000e+00   9.2388211e+00   1.0385730e+00   1.0170897e+01   1.2274533e-01   9.3623180e+00   1.0068596e+01
   9.1000000e+00   9.3427489e+00   1.0399834e+00   1.0182768e+01   1.1466650e-01   9.0750465e+00   1.0335906e+01
   9.2000000e+00   9.4468057e+00   1.0411524e+00   1.0193972e+01   1.0940969e-01   9.6583165e+00   1.0564387e+01
   9.3000000e+00   9.5510395e+00   1.0435235e+00   1.0204652e+01   1.0419606e-01   9.4326685e+00   1.0466613e+01
   9.4000000e+00   9.6557190e+00   1.0500672e+00   1.0214449e+01   9.1752415e-02   9.5915774e+00   1.0589051e+01
   9.5000000e+00   9.7607833e+00   1.0512178e+00   1.0222657e+01   7.2404778e-02   1.0243387e+01   1.0097892e+01
   9.6000000e+00   9.8662778e+00   1.0586738e+00   1.0229335e+01   6.1148757e-02   9.9791565e+00   1.0585468e+01
   9.7000000e+00   9.9721346e+00   1.0584606e+00   1.0234481e+01   4.1782923e-02   9.9649042e+00   1.0260408e+01
   9.8000000e+00   1.0078029e+01   1.0594201e+00   1.0238209e+01   3.2762969e-02   1.0128947e+01   1.0207051e+01
   9.9000000e+00   1.0183837e+01   1.0567502e+00   1.0240678e+01   1.6632851e-02   1.0465807e+01   1.0075732e+01
   1.0000000e+01   1.0289249e+01   1.0514887e+00   1.0242010e+01   9.9902073e-03   1.0194983e+01   1.0468716e+01
   1.0100000e+01   1.0394668e+01   1.0569000e+00   1.0242102e+01  -8.1451764e-03   1.0556565e+01   1.0548787e+01
   1.0200000e+01   1.0500538e+01   1.0604951e+00   1.0240955e+01  -1.4783386e-02   1.0623005e+01   1.0338483e+01
   1.0300000e+01   1.0606849e+01   1.0657200e+00   1.0239019e+01  -2.3936524e-02   1.0890651e+01   1.0046079e+01
   1.0400000e+01   1.0713684e+01   1.0709732e+00   1.0236119e+01  -3.4075120e-02   1.1036820e+01   9.9928511e+00
   1.0500000e+01   1.0820696e+01   1.0692835e+00   1.0232011e+01  -4.8075861e-02   1.0832743e+01   1.0349432e+01
   1.0600000e+01   1.0927308e+01   1.0629373e+00   1.0226447e+01  -6.3200058e-02   1.1332097e+01   1.0368007e+01
   1.0700000e+01   1.1033679e+01   1.0644977e+00   1.0219281e+01  -8.0125560e-02   1.0807641e+01   1.0337471e+01
   1.0800000e+01   1.1140071e+01   1.0633455e+00   1.0210990e+01  -8.5699287e-02   1.1503036e+01   9.7042275e+00
   1.0900000e+01   1.1246622e+01   1.0676588e+00   1.0201856e+01  -9.6969782e-02   1.1090573e+01   1.0421912e+01
   1.1000000e+01   1.1353140e+01   1.0627009e+00   1.0191652e+01  -1.0712510e-01   1.1505060e+01   1.0512055e+01
   1.1100000e+01   1.1459557e+01   1.0656541e+00   1.0180284e+01  -1.2022540e-01   1.1832731e+01   1.0263019e+01
   1.1200000e+01   1.1566197e+01   1.0671356e+00   1.0167863e+01  -1.2820299e-01   1.1298296e+01   1.0264579e+01
   1.1300000e+01   1.1673295e+01   1.0748285e+00   1.0154768e+01  -1.3369940e-01   1.1606662e+01   1.0038078e+01
   1.1400000e+01   1.1780379e+01   1.0668410e+00   1.0141065e+01  -1.4034508e-01   1.1659324e+01   9.9600165e+00
   1.1500000e+01   1.1887204e+01   1.0696625e+00   1.0126604e+01  -1.4887824e-01   1.1893013e+01   1.0290123e+01
   1.1600000e+01   1.1994310e+01   1.0724540e+00   1.0111026e+01  -1.6268010e-01   1.1734153e+01   1.0073654e+01
   1.1700000e+01   1.2101832e+01   1.0779931e+00   1.0094331e+01  -1.7121841e-01   1.1911320e+01   1.0034195e+01
   1.1800000e+01   1.2209161e+01   1.0685817e+00   1.0076619e+01  -1.8303058e-01   1.1907910e+01   1.0011058e+01
   1.1900000e+01   1.2315826e+01   1.0647343e+00   1.0057769e+01  -1.9396230e-01   1.2025453e+01   1.0011233e+01
   1.2000000e+01   1.2422282e+01   1.0643827e+00   1.0037839e+01  -2.0465082e-01   1.2223740e+01   9.9041326e+00
   1.2100000e+01   1.2528882e+01   1.0676067e+00   1.0016928e+01  -2.1355582e-01   1.2272916e+01   9.9185599e+00
   1.2200000e+01   1.2635711e+01   1.0689844e+00   9.9950915e+00  -2.2318224e-01   1.3107137e+01   9.7388445e+00
   1.2300000e+01   1.2742835e+01   1.0734806e+00   9.9721195e+00  -2.3625728e-01   1.2982416e+01   1.0255991e+01
   1.2400000e+01   1.2850174e+01   1.0733111e+00   9.9479628e+00  -2.4687580e-01   1.2907299e+01   1.0313704e+01
   1.2500000e+01   1.2957291e+01   1.0690214e+00   9.9229298e+00  -2.5378515e-01   1.2825311e+01   9.9779493e+00
   1.2600000e+01   1.3064084e+01   1.0668494e+00   9.8969058e+00  -2.6669548e-01   1.2695032e+01   1.0185894e+01
   1.2700000e+01   1.3170545e+01   1.0623721e+00   9.8699095e+00  -2.7323044e-01   1.3082462e+01   9.9748889e+00
   1.2800000e+01   1.3276873e+01   1.0641797e+00   9.8418417e+00  -2.8812465e-01   1.3248649e+01   9.6083350e+00
   1.2900000e+01   1.3383145e+01   1.0612574e+00   9.8125645e+00  -2.9741969e-01   1.3243694e+01   9.6014836e+00
   1.3000000e+01   1.3488880e+01   1.0534499e+00   9.7822590e+00  -3.0868988e-01   1.3774587e+01   1.0050386e+01
   1.3100000e+01   1.3594181e+01   1.0525608e+00   9.7509805e+00  -3.1688000e-01   1.3551249e+01   9.6187892e+00
   1.3200000e+01   1.3699491e+01   1.0536404e+00   9.7187393e+00  -3.2794496e-01   1.3839032e+01   9.8887629e+00
   1.3300000e+01   1.3804801e+01   1.0525687e+00   9.6853156e+00  -3.4052889e-01   1.3569481e+01   9.7716917e+00
   1.3400000e+01   1.3910121e+01   1.0538306e+00   9.6508605e+00  -3.4857327e-01   1.4236964e+01   9.8434007e+00
   1.3500000e+01   1.4015389e+01   1.0515272e+00   9.6156101e+00  -3.5643421e-01   1.4142301e+01   9.7790137e+00
   1.3600000e+01   1.4120540e+01   1.0514885e+00   9.5796422e+00  -3.6292304e-01   1.4154511e+01   9.4863607e+00
   1.3700000e+01   1.4225908e+01   1.0558817e+00   9.5426042e+00  -3.7783733e-01   1.3964492e+01   9.6222487e+00
   1.3800000e+01   1.4331442e+01   1.0547912e+00   9.5043773e+00  -3.8670010e-01   1.4354260e+01   9.8947507e+00
   1.3900000e+01   1.4436633e+01   1.0490210e+00   9.4649625e+00  -4.0159595e-01   1.4806614e+01   9.3553830e+00
   1.4000000e+01   1.4541432e+01   1.0469666e+00   9.4243238e+00  -4.1117945e-01   1.4651597e+01   9.2759333e+00
   1.4100000e+01   1.4646142e+01   1.0472388e+00   9.3823821e+00  -4.2765461e-01   1.4706791e+01   9.2733256e+00
   1.4200000e+01   1.4750864e+01   1.0471900e+00   9.3390872e+00  -4.3824221e-01   1.4920912e+01   9.6552764e+00
   1.4300000e+01   1.4855862e+01   1.0527675e+00   9.2946300e+00  -4.5090274e-01   1.5036283e+01   9.1864471e+00
   1.4400000e+01   1.4961156e+01   1.0531103e+00   9.2487007e+00  -4.6768228e-01   1.4913407e+01   9.1538442e+00
   1.4500000e+01   1.5066549e+01   1.0547526e+00   9.2013636e+00  -4.7906009e-01   1.5161078e+01   9.4153863e+00
   1.4600000e+01   1.5172214e+01   1.0585485e+00   9.1529975e+00  -4.8826171e-01   1.5272153e+01   8.9942851e+00
   1.4700000e+01   1.5277912e+01   1.0554157e+00   9.1033675e+00  -5.0433897e-01   1.5348565e+01   9.0975444e+00
   1.4800000e+01   1.5383365e+01   1.0536469e+00   9.0524467e+00  -5.1407772e-01   1.5235484e+01   8.7707180e+00
   1.4900000e+01   1.5488882e+01   1.0566926e+00   9.0005853e+00  -5.2314997e-01   1.5429681e+01   9.1413006e+00
   1.5000000e+01   1.5594151e+01   1.0486776e+00   8.9478369e+00  -5.3181680e-01   1.5591690e+01   8.9141100e+00
   1.5100000e+01   1.5699130e+01   1.0509037e+00   8.8944960e+00  -5.3500271e-01   1.5845573e+01   9.1318484e+00
   1.5200000e+01   1.5803959e+01   1.0456764e+00   8.8405737e+00  -5.4344145e-01   1.5817967e+01   8.8058370e+00
   1.5300000e+01   1.5908467e+01   1.0444951e+00   8.7858308e+00  -5.5141671e-01   1.6042628e+01   8.8875049e+00
   1.5400000e+01   1.6013048e+01   1.0471227e+00   8.7302417e+00  -5.6036653e-01   1.5930887e+01   8.6622208e+00
   1.5500000e+01   1.6117749e+01   1.0469009e+00   8.6734996e+00  -5.7447573e-01   1.6065824e+01   8.7236905e+00
   1.5600000e+01   1.6222461e+01   1.0473335e+00   8.6154857e+00  -5.8580098e-01   1.6235721e+01   8.5145424e+00
   1.5700000e+01   1.6327096e+01   1.0453640e+00   8.5563963e+00  -5.9598824e-01   1.6354245e+01   8.5011705e+00
   1.5800000e+01   1.6431634e+01   1.0453940e+00   8.4962444e+00  -6.0704832e-01   1.6160720e+01   8.8798532e+00
   1.5900000e+01   1.6536103e+01   1.0439857e+00   8.4351212e+00  -6.1541750e-01   1.6596801e+01   8.5475318e+00
   1.6000000e+01   1.6640544e+01   1.0448396e+00   8.3731708e+00  -6.2358855e-01   1.6717054e+01   8.3473602e+00
   1.6100000e+01   1.6744739e+01   1.0390601e+00   8.3101004e+00  -6.3781988e-01   1.6696275e+01   8.6256488e+00
   1.6200000e+01   1.6848813e+01   1.0424138e+00   8.2459087e+00  -6.4601366e-01   1.6871287e+01   8.3491839e+00
   1.6300000e+01   1.6953096e+01   1.0432508e+00   8.1809434e+00  -6.5329282e-01   1.6545137e+01   8.0631173e+00
   1.6400000e+01   1.7057503e+01   1.0448955e+00   8.1150297e+00  -6.6498096e-01   1.7112039e+01   8.3704860e+00
   1.6500000e+01   1.7161829e+01   1.0416229e+00   8.0482815e+00  -6.6998440e-01   1.7275876e+01   8.0001333e+00
   1.6600000e+01   1.7265950e+01   1.0407871e+00   7.9803521e+00  -6.8860275e-01   1.7426404e+01   8.2757381e+00
   1.6700000e+01   1.7370196e+01   1.0441473e+00   7.9107691e+00  -7.0305839e-01   1.7271101e+01   7.7162634e+00
   1.6800000e+01   1.7474311e+01   1.0381449e+00   7.8398275e+00  -7.1577228e-01   1.7697808e+01   7.8791257e+00
   1.6900000e+01   1.7578041e+01   1.0364614e+00   7.7679771e+00  -7.2123656e-01   1.7443937e+01   7.9561138e+00
   1.7000000e+01   1.7681537e+01   1.0334599e+00   7.6953991e+00  -7.3032222e-01   1.7831004e+01   7.5551717e+00
   1.7100000e+01   1.7785107e+01   1.0379348e+00   7.6221171e+00  -7.3531954e-01   1.7917193e+01   7.5242548e+00
   1.7200000e+01   1.7888959e+01   1.0391042e+00   7.5483675e+00  -7.3967146e-01   1.7885670e+01   7.2598503e+00
   1.7300000e+01   1.7992851e+01   1.0387264e+00   7.4737061e+00  -7.5355585e-01   1.8139826e+01   7.4811779e+00
   1.7400000e+01   1.8096414e+01   1.0325457e+00   7.3978073e+00  -7.6442078e-01   1.8366032e+01   7.5502993e+00
   1.7500000e+01   1.8199779e+01   1.0347587e+00   7.3205470e+00  -7.8078469e-01   1.8077021e+01   7.5334292e+00
   1.7600000e+01   1.8303359e+01   1.0368349e+00   7.2419429e+00  -7.9129753e-01   1.8421891e+01   7.3213661e+00
   1.7700000e+01   1.8406830e+01   1.0325867e+00   7.1622278e+00  -8.0300479e-01   1.7975485e+01   7.4775293e+00
   1.7800000e+01   1.8509837e+01   1.0275436e+00   7.0812914e+00  -8.1572251e-01   1.8602101e+01   6.9215051e+00
   1.7900000e+01   1.8612601e+01   1.0277498e+00   6.9990724e+00  -8.2865851e-01   1.8639815e+01   6.9861570e+00
   1.8000000e+01   1.8715620e+01   1.0326175e+00   6.9155298e+00  -8.4219299e-01   1.8949361e+01   6.8762089e+00
   1.8100000e+01   1.8819121e+01   1.0374177e+00   6.8307512e+00  -8.5337945e-01   1.9152193e+01   6.8194580e+00
   1.8200000e+01   1.8922889e+01   1.0379243e+00   6.7446195e+00  -8.6925420e-01   1.8953430e+01   6.5636168e+00
   1.8300000e+01   1.9026817e+01   1.0406486e+00   6.6572084e+00  -8.7896812e-01   1.8920749e+01   6.9742479e+00
   1.8400000e+01   1.9130828e+01   1.0395675e+00   6.5686542e+00  -8.9211516e-01   1.9105971e+01   6.6106350e+00
   1.8500000e+01   1.9234635e+01   1.0365720e+00   6.4787286e+00  -9.0639814e-01   1.8950420e+01   6.4550586e+00
   1.8600000e+01   1.9338122e+01   1.0331651e+00   6.3875215e+00  -9.1774324e-01   1.9395364e+01   6.6002039e+00
   1.8700000e+01   1.9441678e+01   1.0379644e+00   6.2952345e+00  -9.2799649e-01   1.9569468e+01   5.9301898e+00
   1.8800000e+01   1.9545572e+01   1.0399162e+00   6.2019876e+00  -9.3694266e-01   1.9474312e+01   6.3628247e+00
   1.8900000e+01   1.9649374e+01   1.0361218e+00   6.1078951e+00  -9.4490643e-01   1.9571023e+01   5.7425986e+00
   1.9000000e+01   1.9753129e+01   1.0389760e+00   6.0129228e+00  -9.5453928e-01   1.9502124e+01   5.9721783e+00
   1.9100000e+01   1.9857024e+01   1.0389256e+00   5.9169395e+00  -9.6512718e-01   2.0023987e+01   5.8145111e+00
   1.9200000e+01   1.9961148e+01   1.0435536e+00   5.8201122e+00  -9.7141765e-01   1.9786557e+01   5.8281625e+00
   1.9300000e+01   2.0065498e+01   1.0434326e+00   5.7223103e+00  -9.8462056e-01   2.0046070e+01   5.6807854e+00
   1.9400000e+01   2.0169566e+01   1.0379329e+00   5.6238125e+00  -9.8533712e-01   2.0242294e+01   5.6348330e+00
   1.9500000e+01   2.0273560e+01   1.0419499e+00   5.5243939e+00  -1.0030346e+00   2.0646112e+01   4.9055275e+00
   1.9600000e+01   2.0377591e+01   1.0386644e+00   5.4235903e+00  -1.0130368e+00   2.0004004e+01   5.2747284e+00
   1.9700000e+01   2.0481729e+01   1.0441070e+00   5.3218064e+00  -1.0226406e+00   2.0572369e+01   5.3428235e+00
   1.9800000e+01   2.0586288e+01   1.0470665e+00   5.2189966e+00  -1.0335562e+00   2.0305025e+01   5.3690610e+00
   1.9900000e+01   2.0690840e+01   1.0439679e+00   5.1149696e+00  -1.0469843e+00   2.0371321e+01   5.0664713e+00
